0.395394882
2.722692613
3.588906905
10.25050142
3.220117382
6.598305796
3.253161518
0.455329199
3.79781538
6.015343104
0.098971807
0.745636172
2.078648271
7.837520061
0.904918402
0.042882586
10.56988992
0.047975258
0.060823186
1.285870776
6.936639555
3.306504869
3.350478702
1.075473341
0.230441251
5.361050027
4.855599727
2.14037572
2.109151402
4.058360459
5.389194205
2.255400939
0.236763014
0.165932575
2.600531333
3.409066155
2.156945166
2.739825175
1.699844367
1.019934138
7.906263598
2.495832892
2.002988392
0.603134673
4.870826112
6.416049762
1.597890741
4.939620281
11.95531392
2.746440065
2.83428982
6.338093522
0.401058284
1.554221207
2.816984905
2.871079938
10.75006975
0.647012979
12.45925039
6.442520054
4.540266277
0.481677671
1.571685435
0.292794967
2.650003979
1.120934385
3.4838555
10.87638008
2.149035429
5.908696043
6.266779049
2.571405617
1.865104001
5.969750438
3.898601348
0.510938187
0.803113934
7.16156157
0.01115934
6.138293713
0.907510044
0.881514424
1.521535213
3.960698893
3.409692421
6.279436846
4.816169961
9.468871887
2.439879529
3.699364112
1.682346773
6.521954038
2.052471525
1.221715128
1.294352645
2.882313803
0.554605268
1.828696349
0.584117746
12.71100193
5.406373993
6.729690037
4.206502168
3.254474607
1.040742435
8.143111493
0.006703211
2.82416908
6.677459068
0.738886571
18.11048118
0.19507226
0.436677476
7.545059234
6.782363098
2.917722015
0.016928191
6.600353988
0.790343008
0.081707369
3.136401148
0.765696794
16.75171027
2.24412578
6.310316329
0.788901284
5.01569245
0.470158783
1.699926154
3.41794437
0.422560937
1.778615141
0.479203617
1.436068958
9.342368749
0.708674307
1.82493221
9.522067993
9.303038378
2.824695683
3.255916076
0.779099251
8.200746471
13.85859745
2.78988876
1.041107423
8.811734289
3.355543001
0.203975885
2.959130321
0.293878386
2.795695568
12.75162051
3.88738894
4.840254863
2.516298198
4.554599136
4.879805229
0.913714248
2.267444565
7.237938712
21.28556609
2.364613726
1.283329725
0.895378787
8.222154735
1.891254152
6.731023058
6.10037996
0.33841439
7.545361813
3.713839786
4.177670418
3.377424084
3.704601017
5.2767689
2.728689953
3.693987058
6.276110096
5.63592034
1.308639842
10.17200312
1.194367606
3.161604861
3.078843948
8.354879322
4.652177831
6.086331543
6.497802794
0.90424692
0.214629811
1.873449801
1.500970097
1.719533211
0.406524611
0.124578144
4.020175785
3.397921929
5.674474405
4.207388403
2.008101572
1.55443385
13.65551917
0.30405368
1.483662707
0.301553538
4.207856852
2.371503021
0.601254099
0.63098986
5.147170808
3.469500349
2.706369105
10.53951516
1.923122794
7.309256237
4.707374901
15.5301381
13.93946434
3.69468308
5.277374208
2.877658282
14.1256991
0.247358986
5.130564795
2.635978347
0.449726068
4.946142214
10.24758639
0.127709522
17.52653778
12.08805641
6.061507592
1.560193035
2.736919447
3.540181017
0.059740496
0.246487684
6.114779902
17.64626778
2.922434625
0.015328191
1.600420169
0.773558332
0.716102776
1.604429288
11.20700082
6.059270089
3.218132082
5.263554575
2.567727539
1.150095774
1.200465531
2.314899575
6.421867956
8.926655749
2.04604258
5.048075772
0.32995012
3.818621683
0.799321552
0.75261372
10.76213516
1.415118141
9.490456724
23.55224116
1.309055066
6.261843468
0.973662275
15.96148491
7.538395158
7.195564708
14.5371994
8.457538113
5.466296637
2.102621224
3.814016374
2.434077498
8.534510389
0.039016861
6.600948535
25.04839076
3.012648704
1.846747378
3.824406156
3.40799159
14.99568172
2.714866896
7.463752377
0.885973654
13.93712302
0.014257367
0.208576033
3.90167097
0.940565964
1.103842131
5.772231808
1.034969852
3.55454163
4.467557521
6.21531693
1.786321582
1.506536068
0.192974929
2.522687388
0.299203706
13.42492347
3.024929557
1.515174026
4.090165932
1.754321604
0.159130981
0.404082558
0.099201877
10.85902228
2.2344525
3.08691497
1.469842153
9.100279989
3.798913291
1.70853378
0.611987003
6.795396395
2.718591311
5.711602435
1.021847293
6.702383286
3.123085404
0.309328586
1.15171553
2.534604509
18.53913834
2.475387352
4.394653949
2.961603287
1.448837485
2.953350222
0.931799643
7.968622784
2.765302772
5.252024466
0.873249613
0.025544607
6.761337207
12.48612047
10.94677319
1.191875654
0.390703331
3.460116586
5.605661357
2.079247809
8.976848704
1.114329282
4.073999131
8.846149207
1.146960841
8.657756545
8.698903158
0.203945852
1.75951532
3.179299751
3.748211761
6.328022424
15.99327492
0.618248271
5.453509679
4.911797176
0.794611463
13.13348817
2.019980255
4.536886359
3.451518025
1.773394525
6.401095722
2.92421312
3.750557422
1.551690325
6.401080442
0.587316254
5.633123174
1.583973661
0.834424463
0.911958969
3.302992674
1.332539923
2.43907411
0.624118095
3.275357957
1.286789166
0.012869705
6.418882103
1.083944493
2.070464052
2.857533744
12.42036312
0.535625388
2.383169418
0.784957496
4.985683858
9.669532639
8.42182133
4.175690963
7.321543612
3.544854799
2.927549487
1.06347163
0.577727632
2.589013431
3.620375741
3.553167811
4.132953234
0.34255178
1.939125494
0.400490244
0.496476117
16.31234706
0.606418762
1.470771793
2.328100127
1.185988626
1.551329296
2.32328002
12.41682747
2.294971767
1.011011572
1.950200022
2.905932833
0.692016657
1.699711006
5.467025395
2.824126057
2.282832903
2.75354913
0.849869592
2.662358583
3.392191503
2.468966546
0.086370779
1.188782235
0.269821254
7.411415357
1.619483392
6.088438452
5.219657101
4.735802951
1.310005776
3.078231754
4.049848843
0.223617373
19.08149247
1.868601785
4.130812319
7.430542054
0.475044574
2.900649753
1.900503443
3.172017965
6.732717885
2.179935465
3.311867253
2.213363445
0.532380143
3.022555279
4.735287123
0.549026454
8.429976981
10.82619755
5.204364701
4.924905948
0.421020934
0.311812232
5.899786162
0.50088638
9.782600406
6.411827058
0.031069911
15.03959506
7.210320365
4.718407977
0.425526521
1.649975505
6.46261194
16.71199294
1.099626336
4.073756758
5.658953718
0.003416179
3.92644517
2.973557011
13.21588782
3.928826071
1.136876797
0.906704609
0.882519154
1.322361024
0.029548708
1.586798913
7.178896643
4.97905962
6.41395927
7.255516392
3.672540356
6.503689959
1.962701706
4.589761604
6.79367282
1.127617513
0.404494983
5.18193706
2.274300836
1.489259128
2.670309151
0.042663203
7.06193399
0.481705181
0.703604424
0.144509952
1.806391417
1.460190087
0.815872161
2.892848303
3.141569787
2.506253998
2.029265719
0.994287399
1.189619453
6.713167294
1.751442152
1.52262597
12.43915
0.452301341
2.334377304
2.506463481
3.399936193
1.806989435
14.94619124
2.390091575
5.398496153
2.75386662
3.533898814
3.389384902
1.883459596
0.870164247
5.111024942
1.722411014
0.666885317
1.477465752
0.296863204
0.846028618
2.066855177
4.012571892
2.858082787
9.660106049
4.670499261
0.523699571
2.638898675
2.046442787
5.744582582
0.487361374
0.204623636
0.332425682
10.43362551
3.202265092
0.838563304
19.34100947
7.076780711
7.459002174
1.698934148
7.76571957
0.118923161
13.25904404
13.31891805
8.715449236
6.193149038
2.714907172
6.076125495
0.60134647
12.50582195
2.085897783
0.906223249
1.450822242
1.203665578
4.348970657
4.66818187
4.329105792
7.74686587
1.182835155
0.635121379
2.258565614
1.967774202
0.490371525
3.074735628
15.44377722
2.464898974
0.323455293
4.376322996
6.531733032
7.116682922
8.576876188
10.03400431
4.270444636
1.796119584
0.055272709
9.068160736
5.402972612
2.497596944
3.428616583
1.147687927
2.370940284
6.783178187
1.339810356
0.148758396
0.691010624
5.250680647
4.141717784
1.942868993
14.65552752
11.68592378
1.045115915
0.447835348
8.323223904
5.015258657
0.609554145
6.34847094
12.38003808
5.333791232
9.01583616
0.097128508
3.205904559
2.308254711
3.019435851
0.5805048
0.097195342
2.227380511
0.802597163
2.747663984
8.795236893
0.043333633
0.278951665
5.414219897
0.379054836
3.569082669
0.957364799
4.705740359
5.548793268
0.55307668
0.761082247
6.019590216
1.539114642
1.381699897
1.644576812
2.411728443
1.09882703
6.127717134
4.358103955
19.42829437
8.671226063
0.660955928
12.27920558
6.191035239
2.389720458
4.685905804
10.12017122
1.394242777
1.719631476
2.713775414
0.422852517
1.209567703
3.649331646
11.04434619
1.546145012
5.946263115
1.082202855
0.141510135
1.858959579
5.704784302
3.806494678
1.118982508
1.352533263
1.97458001
3.983322107
2.385306182
16.03617677
5.203094329
13.549044
14.75398052
0.078225589
6.184635495
5.496965651
0.17369134
2.675515043
1.874913627
11.57457972
0.440753898
4.748303818
24.19756703
5.714887256
0.172618926
0.80993754
0.981454681
1.918823439
10.48900525
0.046151661
0.556475379
9.593955949
0.501415807
0.985252268
2.266724766
8.453679942
10.83206453
4.838832938
3.9219877
8.682312559
0.44139923
2.001148452
0.152665498
3.286616894
0.306061305
3.876210813
0.351772234
6.889916928
1.215327816
0.780531113
16.85250786
4.238809903
3.89529869
0.658366377
3.212318151
9.5274275
0.84037418
1.722598754
3.652796155
0.503655071
1.770570825
1.402326178
3.85056081
3.049065755
3.371890287
0.326045481
11.04894649
1.500401248
0.494019605
14.35482103
0.198370391
0.496046368
0.613419894
0.864479109
2.296851646
1.139580753
4.947226773
7.091236775
9.839605029
1.969624472
1.618462161
4.92043891
2.847362103
0.226710263
1.041487311
1.274402716
2.212761661
6.400522136
4.17899264
4.57820565
2.28316972
2.299022035
1.323402457
4.059932816
0.219001425
0.11275571
5.307306275
6.551646805
2.086662869
5.697159159
0.132201872
4.505693054
10.90519165
1.412631273
1.617575407
2.427683697
2.089212976
0.629637486
8.194271999
1.534936835
2.482622676
3.019288994
0.121961173
1.711952557
0.33158874
6.6820763
7.318265091
2.717780227
4.911188449
5.962445932
5.013722755
4.042029707
2.664098238
0.754033746
3.025908021
0.37365058
5.412932287
1.596259957
2.117904467
6.397013856
1.752538431
6.960954264
9.773163425
0.14030023
4.803429081
2.256804965
21.58970519
1.983804815
16.51620268
7.03172454
5.281645621
1.028464273
5.409541843
0.047412438
0.292413946
7.352368636
4.120429346
4.518469255
8.813110582
1.332416858
0.351021389
8.216347878
0.36350134
3.945715134
0.959811443
0.171295251
11.20418956
10.3676623
0.961348243
1.260122816
4.502498154
2.641411631
3.293790113
1.377612445
4.761390909
4.247358252
10.2286186
5.190714303
6.279806699
5.728662643
3.985536412
1.242713722
2.930318122
1.926703904
4.751751664
1.668158997
3.805081968
6.011479745
3.775611959
3.447516511
26.0443689
1.27089979
8.104813183
14.13648591
12.11387317
0.6978156
2.206702647
0.067434629
4.782939117
5.081173789
3.327408864
0.59706736
13.06343302
0.677317487
0.465801814
0.182526729
0.794982703
3.705164321
0.312951591
4.517823945
2.03095134
2.5584083
4.756089088
0.200120493
1.001992772
2.253425992
2.726386253
1.328499674
0.42662625
1.703882958
4.272686154
10.20144542
2.38202971
0.836411953
3.080466938
0.816362972
0.121398082
3.319382255
0.801331321
1.420831834
1.799097654
2.609304307
1.088482464
0.311699858
6.64413697
1.916129075
0.033161171
0.739371721
0.482535362
0.133793986
4.823844358
1.104880324
0.633660118
3.792898341
1.246736927
11.52435654
5.040766146
1.90355739
1.578289556
4.382490338
0.206544133
7.308612089
3.395433048
0.050557265
10.56103871
2.769271083
22.76737691
3.29616823
3.919156805
4.965503528
10.26988797
0.067651892
2.69108747
1.584992206
4.477536617
1.431811688
11.3474213
4.320091772
3.753583512
1.328177769
0.084257237
3.568010412
12.34807724
2.247779003
1.524289432
0.111397355
6.580831748
8.271039052
2.480880386
4.839004241
0.310714961
4.528443884
3.132508885
1.003447299
0.440323865
9.272783997
0.596490283
12.68380214
1.015864193
13.26259416
1.369243334
13.36621563
0.607789988
11.41033245
1.849031807
5.156601193
7.649023799
3.74086392
2.759017904
0.502320993
5.459281384
4.251018011
7.696375568
2.089387077
6.250856078
3.141616309
2.009356376
3.07699856
10.91231458
7.472789391
0.073177309
1.519781492
12.88667524
2.629864416
2.527572058
1.463534194
0.907104143
1.148953313
2.850887436
2.909600051
6.535488918
5.580792116
2.205356478
17.25699202
7.184019854
20.37826259
12.0395676
2.516849441
0.580924556
4.928894926
15.48157811
7.016802774
4.260797373
5.601667666
0.384167065
0.394583562
6.915782673
16.79460764
4.142209733
2.765953984
11.28256487
1.974139909
0.235460047
1.625615799
4.248395464
0.6703617
1.870923216
0.952106085
0.47920648
0.500836621
27.147798
3.946111479
0.643116742
13.91920716
2.931745813
1.161471925
1.258830906
4.960030061
0.502372139
3.061706041
1.023279286
3.564713492
0.724901551
5.002655338
5.013295721
1.090014334
0.208018454
11.53671624
4.136249422
0.809879873
1.485060608
0.320963104
3.557979175
2.203093992
17.52271179
1.870233223
3.463905675
2.988340422
4.855067096
2.412372241
4.156037226
2.139917879
0.856288889
4.865976219
1.352318269
2.927502141
6.472879982
1.690623671
2.833052112
10.64493774
9.468177844
0.663092701
2.280198985
7.822142764
0.870966982
2.399324736
1.052396029
3.123841366
15.50295584
1.114808813
7.70586627
2.027184813
1.229090927
1.130322514
4.536662702
0.337773791
4.153399598
0.92775685
3.545601734
1.495188257
4.227506915
1.908865695
0.49930057
2.25276783
2.374053503
5.149952775
3.184250576
12.14520063
2.309958499
0.634180938
1.501032644
0.043232007
0.48367521
3.21474715
6.733586413
12.230486
1.092572284
6.620471059
3.851075791
2.303079148
0.085860775
1.145516117
5.016741101
0.748304342
2.140401348
0.537227065
10.04587352
3.386757076
2.023637767
3.353232897
4.962278234
4.5685065
0.993028472
0.732644768
5.433472982
7.792636937
1.280249984
13.75578713
12.45704136
3.236112101
2.803072725
1.522568554
1.723333835
6.147708134
8.38336675
0.346187349
5.162283061
11.64175585
3.341186047
3.971002802
9.572118333
2.05124012
4.276769926
0.600099268
3.962747241
0.550394057
4.062757313
3.100724473
11.12949479
7.071161185
11.14275624
1.890155733
0.612105316
0.696027576
4.697281685
2.132507281
3.723833395
4.567565069
7.14448754
8.293384327
1.111073451
1.517489073
1.714166865
0.510091305
3.3243335
0.366045674
3.556800788
0.542742781
0.555995596
0.522553902
0.080982725
3.553746027
0.88189747
1.088466609
8.868887187
2.490545826
0.515988202
0.961686786
4.395978338
2.617245006
6.280072505
1.525976061
10.07270775
7.068887031
4.718270465
0.279320624
0.323592263
1.007707838
3.033544339
1.677507083
9.684653319
6.901891653
4.621201512
2.415317748
3.709074539
6.769190554
2.519939988
9.006136895
0.172488425
5.414448567
2.236975591
0.340254371
0.611956331
2.605466466
4.805182064
5.052825254
3.375101271
2.046575619
0.290319526
1.595988244
1.340543357
2.286716199
0.976823054
1.456577674
1.108717793
7.874042303
1.430324225
3.306702953
6.728514276
2.067024165
1.697435548
17.17991472
1.807022536
0.939929324
13.1542099
0.586428901
2.649564199
0.918086728
1.676805095
2.266316458
10.96145785
6.36902743
0.039101183
8.116944276
1.401273798
8.942805327
3.03321552
0.240012328
0.501858023
1.043759007
3.50898768
0.591318851
2.295452447
3.812650005
3.809665774
7.225077151
0.258754614
2.431804965
1.555801457
0.007123214
4.784569361
1.40065387
1.602122957
0.458314369
1.493914231
2.580649832
6.755498666
3.958559483
2.735869471
0.714520997
7.040044732
3.839325597
0.60267441
5.668441195
1.470189577
6.22489757
2.432914153
1.97391266
2.366690025
4.062854784
14.90545653
5.21559666
2.182597091
7.512603176
4.329656124
10.15602097
13.92007105
12.95567909
10.53525839
2.838174226
0.484079981
2.007171085
0.009996603
1.140488025
2.861818755
6.721902159
0.557989606
3.328106974
0.049112717
2.394115508
0.756997605
0.653941254
1.830463601
1.490792673
8.614703433
6.521459525
5.058302209
6.605815978
4.208118905
1.849091279
0.550968952
1.735656387
5.064098259
3.14611587
0.77910189
11.32750045
1.199226774
3.248220797
2.069683245
10.45689127
4.140885928
0.221071427
0.94258629
1.594172665
3.593204016
9.067327773
6.226845893
7.945985287
2.681349149
2.000962837
2.044049918
6.495825558
3.258928378
1.483867755
0.584398071
0.733979014
1.425011442
0.585985088
10.94144576
3.558492682
5.101089538
8.841171907
0.559532672
2.310729824
1.927705394
1.765671195
4.808432148
3.576609568
3.635937935
1.121340589
0.069892678
12.18979388
0.925571099
1.446748027
2.873613611
0.241768099
1.228251525
0.101880805
3.914257663
0.419217421
4.957275728
0.147549497
9.960992318
14.50081759
3.986905023
7.343802517
4.634182859
7.429889344
1.159091072
2.346192677
2.533054505
5.60741428
6.057775914
2.346112831
1.338595519
1.056872388
1.202533917
1.340397432
14.0992717
2.151042902
0.295967338
1.280725437
2.224594905
1.917127462
0.415068611
2.740874702
0.901811704
3.962284008
1.275940926
2.821719196
4.25882107
4.075072336
9.411350385
2.164611617
2.464432485
10.53958432
0.076534745
2.665316008
5.486489597
1.39983353
0.342156251
2.815272939
0.64671699
6.11354527
8.487160555
10.10832472
0.699025735
0.15776767
12.97961664
7.5328864
6.287063951
0.886204188
0.347416035
8.065627864
4.089542936
0.366579325
1.386810758
3.581912299
2.95998409
4.049443886
2.503219584
2.405793716
7.087404421
0.022684005
1.82969958
16.06438892
0.089793112
10.07199237
0.750486233
2.163472183
1.04634452
8.521059027
0.394354293
0.594168923
3.732189206
2.00092869
0.788948671
2.3072657
10.9671182
4.885789044
2.388167562
2.964491791
0.959125134
0.239687443
1.377674971
20.32516695
3.179648639
16.22961745
2.694655731
4.905107898
4.246629227
0.720597261
2.080297132
1.229138971
4.071639101
1.308410525
5.323767716
1.063983725
1.601805057
2.859239182
1.390962779
1.451679634
2.279918272
7.223497109
7.966891275
6.571154726
1.825515669
9.561244835
1.368853305
7.57423508
12.56090346
22.87853017
2.438658463
5.94798781
0.522514263
4.704667024
0.053223283
25.08649672
1.034122952
1.848657536
4.003716238
5.187743738
5.526488015
0.902228989
0.287136509
3.826027591
1.967892465
0.732967727
5.659679103
0.803206135
1.883266101
8.974141585
4.469252876
2.597536347
14.28192498
1.02427404
3.680169413
5.540062937
1.635417586
1.838840363
3.377518125
8.742303566
0.957099059
6.092335412
0.535040811
1.452188917
0.661622627
2.353013032
6.936915532
6.657474243
1.528750106
0.004511562
0.893196418
6.128610168
3.250560498
1.421356326
2.55825963
1.193729091
1.400856221
1.464306848
0.348766889
5.520267048
2.753836011
2.295667144
2.079601194
0.383051035
1.381332063
7.736227859
2.898420707
4.143636042
2.155387841
1.912847665
16.01782065
0.752618923
4.335414231
7.555516158
8.738481677
1.053987802
7.51010936
11.74964781
1.330267711
0.324745423
3.412482394
3.212928107
1.891954843
0.944268956
2.627081125
1.33045834
6.423829694
0.257553541
0.106743115
4.575282339
5.716592599
0.073451619
2.794451831
3.280696365
0.653375481
3.339885217
2.39958386
0.850737037
2.616838719
4.01476919
3.109119173
1.534813206
0.837158437
5.412152162
2.868722561
0.200372885
8.672665775
0.459094731
1.700540585
1.597470927
4.926481722
2.934752693
0.627281476
1.623406603
0.694269883
3.587248083
1.7128086
4.041093435
16.38556542
0.822095175
4.485762748
14.44048878
5.148041159
8.71649761
4.485214177
8.063307132
3.44339517
6.117152679
3.612228314
10.55486931
4.647225604
2.877295289
6.168574837
0.638967025
1.981709242
1.880927412
10.20884523
1.571981997
6.847462533
7.041912811
19.81987602
5.668348086
27.19542899
4.833884301
0.941713046
1.03172386
0.021970695
4.666027919
0.882203365
12.58316664
0.468716425
1.871081635
0.723650509
10.3509247
6.532355233
0.678876431
0.074132556
0.974904243
10.23987985
0.372261062
0.2034444
1.041590226
6.20995726
0.851974307
1.194958376
8.154829838
11.09384611
2.184510532
5.616792869
1.784556881
1.028354688
4.364485852
6.343096769
0.573991407
3.159093129
0.937956533
2.272467305
2.06800032
2.442015433
4.642226747
6.006649215
0.403600662
3.119313498
2.761835915
3.812194193
2.311625145
1.917149603
1.803792796
2.306622319
2.219832
1.094075574
4.828309074
1.130008485
2.643091859
1.68559017
4.788083284
7.478944148
3.850365027
2.745867349
2.847381259
0.236939222
1.216920031
3.457800751
1.955561305
4.466911897
0.492742417
10.43922073
0.939042033
8.487070125
7.008379682
11.45248377
3.115370226
0.389791315
0.981292915
3.370130866
5.768058341
0.573527341
0.795200846
7.249055842
4.381482512
0.394175556
8.594283181
4.457429514
2.383656555
1.360404005
3.161167718
6.111270221
16.14784106
5.374652291
5.989976777
1.050848854
1.56723259
1.299882912
2.196385206
4.679288659
0.300925687
2.701927425
1.935388579
0.850919756
6.933029602
1.888712252
0.529214997
2.990393813
1.572443833
4.722325474
1.721739118
1.232090285
0.092704943
1.875653662
2.569200853
4.245266941
3.245434506
5.149273364
4.274062716
2.437425546
2.249908226
12.75656227
5.546720714
1.091221281
1.928794001
0.020579118
2.364050371
6.303718564
5.850905955
1.27617205
2.636106065
16.17744016
1.866130516
4.944159666
1.984105767
6.577828733
2.261058677
3.575470669
3.80420546
0.900376733
4.24089515
0.359589432
5.691292712
0.030407371
3.95412128
5.333255969
1.470032612
0.563708019
0.342631339
1.933962026
4.521329062
0.023870075
1.715828269
2.616792518
0.872189635
1.637498254
7.613744394
0.691138319
1.615941749
2.843016994
2.1577448
10.33189034
8.92770476
2.112715584
1.128015325
7.710096278
4.742515355
1.236329734
5.026641049
1.638723118
3.648970218
3.076748566
3.766130981
0.82319527
1.974240677
3.306015689
10.83422888
1.098152014
1.64284604
3.482097218
6.348583899
9.094602078
2.324340951
3.707694215
1.985880633
1.02401549
2.308640943
2.262534082
0.421027912
0.726786558
3.873097782
0.116354219
1.963418446
0.988058452
2.2875957
3.158895836
3.187107851
0.010634353
0.717517549
1.629426282
3.92096201
7.238981831
1.137726108
6.777012366
0.404416734
6.457187067
6.076264819
3.156349951
5.767350381
10.38813402
10.68434788
0.389953334
4.065929088
7.760804588
12.87079965
6.00502769
0.287524717
6.38056626
3.026570231
8.784884371
0.962631052
11.98240403
0.236020257
0.701793845
3.424284005
5.254665125
0.602965527
10.4960373
9.491001409
1.962366902
0.685470658
2.857022594
7.58372571
9.265478658
6.079281004
1.923643585
2.389834106
5.190417186
0.476771771
14.05693548
3.939461889
7.468069726
10.97901279
0.660382475
4.252445466
6.325536217
1.222926756
1.640120275
0.428569522
4.644499681
11.62578796
10.21556809
4.108100012
4.197907081
1.344696194
2.56810928
11.08333726
5.711000448
8.901590355
2.50677242
1.158175871
3.563510617
1.875027308
7.996297626
5.37129109
5.822692614
13.1527584
8.468313776
0.270295924
0.632664316
24.37216071
0.207653138
4.66246617
1.339606643
1.736307646
3.290139104
4.694976399
0.901393915
0.244397096
13.51362774
2.302953255
7.904289831
13.65018998
2.959940517
1.798019974
1.346545336
4.883336781
1.703807043
1.761633494
4.652365455
3.653516068
4.184834436
1.069836389
4.489169249
4.572110927
1.885772936
2.300372994
4.892274966
12.10598287
0.938875586
3.099793161
17.10562773
0.370924692
2.907796571
2.06732448
1.642563156
1.822074407
1.510368163
6.428201135
1.470067863
6.544559857
8.025516576
1.889585272
5.644201958
3.68975736
1.170272806
5.846684859
4.177980058
0.55279858
4.582392336
4.925120499
8.855132272
2.384004043
5.984820811
2.09965209
0.141822254
3.489783175
2.193591452
1.639146057
3.308882365
5.576466247
0.463977801
1.032262682
4.454430977
3.641460701
1.46278189
0.356870921
14.34094333
5.520444155
0.765138802
4.028595398
5.761012693
9.386728602
3.656302058
12.30404216
0.813864313
0.711970379
0.034659774
3.499003546
0.918959043
4.66004539
0.37637641
12.66013754
5.666706227
2.513004021
2.080404314
3.03277707
0.973760037
1.748181799
0.845220963
0.461828278
1.421614185
3.628083045
6.762300206
1.637741901
4.032098357
0.514428958
0.436555419
14.42434203
3.783207571
3.447024558
0.409143374
1.348272561
0.346492106
8.098017545
8.322727139
0.649969507
3.355302629
9.030437429
2.763694366
3.323044685
2.442957885
3.13145322
4.920941922
0.44724173
5.530873308
3.13535061
0.32077669
10.0163579
3.810827984
0.73100912
1.902251863
1.206708529
3.100314772
3.02020417
1.917377906
3.158531453
1.043684424
2.25316899
0.344692979
5.151034047
1.323367143
2.081899742
0.355839163
4.449282767
7.173752001
4.53005712
0.214473503
0.272284467
3.422040679
2.059060033
3.824565868
4.65206186
11.46323063
0.420354581
0.62514831
1.144853119
1.059204613
1.4523172
0.381592571
23.14960072
1.266680103
0.488745635
2.123431619
1.553843094
0.875437044
8.469711934
10.49499021
2.500457196
7.37057438
5.971509667
2.293302216
4.797667789
5.651101542
0.6667404
7.058669259
3.376082137
2.523244308
7.423958355
2.473333343
4.203722084
1.177078034
0.525014053
1.745185325
0.767899006
1.102429015
1.656893388
1.839667756
3.855474083
1.748055962
7.357537491
1.549506469
9.758797061
9.638087225
2.632562464
5.467069425
10.92766367
2.362027863
0.240202197
5.20147265
6.619476638
9.545884569
2.826535684
0.72745514
3.38251964
4.180479374
14.49729227
2.286971527
3.514363649
1.173056282
1.686419238
3.318918925
0.27289565
0.618046757
6.241280899
6.871507604
8.916521626
3.571557671
14.70333819
3.390441461
5.407623364
0.11508414
0.318378384
2.17045683
5.34586315
3.087400619
4.123551384
6.181674927
0.339012672
0.290719889
2.180343577
4.612703185
2.889013097
2.390361726
1.095590049
2.732993319
0.748126161
0.542962807
0.529960804
0.950751478
1.036066978
2.639418748
1.834852725
27.31501424
11.04934977
3.941770248
2.309667867
0.755764483
6.452706553
15.80613583
2.652938029
4.341739803
0.29958127
4.975757911
1.744960756
3.06358327
0.668773441
3.813977563
1.896445813
5.14981912
1.38498623
5.786718633
3.471233952
3.192189084
0.088696952
7.834788293
3.252755575
1.351290228
0.972409601
1.994712371
7.209726573
5.320552284
4.961727214
5.00018562
7.746765253
1.096812369
3.008073384
3.312139271
3.369680536
14.7745065
2.936565376
0.322847019
16.21823725
2.103012546
7.710211697
6.96127982
2.629023974
2.293036137
1.131731416
9.246074986
0.251009578
3.882571624
0.428426756
1.313860529
1.426549254
2.655171454
11.87980677
1.501615985
10.89295329
0.09338801
0.864754626
1.596788834
0.30623554
8.319819764
3.487438764
2.857966321
3.953785393
2.157298321
1.477543807
5.269584525
0.60553539
3.79405312
1.160526455
8.996129701
7.222861126
1.525362033
3.265090904
3.811286304
4.444947961
0.929582029
1.333082029
0.178459513
2.380395503
4.061958317
5.970469623
5.110214244
2.187979259
5.087795938
4.772582394
5.458172658
6.195827452
1.203045964
1.707854854
3.453963128
0.757646108
6.602216277
2.868716394
2.238263182
0.228622821
2.271007904
4.659498394
4.168174184
12.13926678
1.816784522
0.114735192
1.6523333
7.230015469
1.096718344
1.155187736
1.738343164
6.040586404
7.042657613
5.062858578
4.569827772
4.84201207
9.5524181
6.320587976
1.285838051
3.661951399
0.798274568
8.93543205
0.617160034
2.081084861
1.117999169
1.40204022
0.026732713
10.17071842
5.519443007
0.661886819
10.31762725
2.478725486
6.342712053
1.809963278
0.73650111
0.862218644
2.241612869
0.999337275
11.26633497
0.106062793
2.168788494
4.056547835
11.19845321
0.11133615
8.342269792
0.978999808
1.118969658
3.160366381
6.690307118
22.19106659
10.21561188
2.579410205
0.118686752
0.978638794
20.21920226
1.347660006
0.332583603
1.538338641
15.78604865
4.020852712
1.475347979
7.553740383
6.084138735
11.05633114
1.418050081
6.850801082
3.977515569
21.34198
3.489356477
7.471628047
7.505956962
9.134625176
8.429918798
4.283049416
1.976162225
11.26765483
4.95960771
1.785598294
9.967403788
0.893856982
18.64362987
0.611623491
0.53816667
1.450791062
4.519251316
0.708145846
24.56974546
2.104118627
1.294819865
1.851622812
6.703426041
4.821320082
0.848258578
1.455161232
2.4168011
12.22103564
2.145607074
4.10516825
0.658102593
12.75518016
0.392387866
0.015048483
12.72499634
1.604191773
4.716194071
6.100027632
0.3176736
3.012922748
2.338533786
3.503130998
6.482541644
3.577941332
4.219119001
0.074848621
0.013769403
3.46885326
0.619349045
6.056896712
0.960959822
11.31125728
3.653519246
2.04865836
3.641671563
3.632241142
0.474967576
10.84974371
4.50717487
5.557236469
0.700388494
2.888340725
2.085405044
2.01171374
0.827873599
5.006815427
2.322259496
1.182944603
6.833131138
2.20756977
9.637107413
0.499817397
2.167334045
0.816392087
2.435941698
0.552145361
0.585114988
5.75374996
5.224444142
0.161481112
0.231136599
4.642747712
3.800202354
3.997728641
4.047989504
11.73442408
0.941476054
2.039054289
0.477229586
12.00224611
4.637217623
0.282949519
5.150573453
3.380669975
0.665964374
2.028946746
7.262067183
13.14287534
0.358633026
5.379645498
0.652646279
6.556034048
1.628421633
4.074200377
1.821205983
1.557808299
3.987818325
0.690045404
4.99637509
2.064156963
4.764596482
1.460165736
10.3686567
9.668328106
4.193823201
4.084102185
5.392220458
0.172224657
11.65544214
7.49425899
0.944869456
0.273130305
1.165318456
0.244059308
5.51758903
1.623018335
1.545166367
4.932589252
6.476207997
10.4876094
1.933302257
2.63735584
0.159876018
4.784169308
4.502730062
17.10226538
6.747001868
3.972358028
0.598373141
3.203582632
1.3250871
2.450311775
1.580617427
1.928269117
2.94846046
1.06704707
0.598867677
2.364135644
8.287275263
1.892139563
3.204906058
1.197676592
6.474570909
2.350536904
1.143574605
1.168362822
5.558306923
0.06227004
1.517219115
0.251234965
6.851661711
1.296014743
1.620291932
19.72239225
7.185080755
12.56703995
1.931911798
3.166103167
1.46622651
6.069372902
2.531488132
4.554660057
5.162498912
3.945007532
3.390061176
1.356172932
6.647171901
0.215406768
3.41465943
1.585632489
1.329803855
11.2875877
4.66463918
3.176787774
0.986560537
1.437823007
4.188494041
1.693782456
12.81156915
0.70174438
2.707577635
5.132981766
9.791730789
3.233484819
4.482728436
0.236725625
0.111644459
2.37938372
0.855601499
0.491567174
6.621827388
0.518950523
1.430424266
1.123730224
1.311460955
1.08566849
7.750254237
3.767412935
0.615812077
1.031752571
0.795268165
4.774139405
2.727257571
9.042160977
0.912712649
5.138454174
3.803411278
19.00330893
3.772751397
7.09481553
1.607953586
0.28668705
0.08146019
3.548544916
1.988454609
0.53806944
9.503000398
4.242274971
5.490816166
5.274225683
2.527302503
0.465500334
7.548984513
2.122461591
1.715565446
1.670746457
1.048901271
10.67635272
1.6563637
2.361354848
2.970637816
4.071632542
1.441050432
4.135951473
2.354458501
2.813935981
4.939054108
4.349060525
2.519884002
1.08967408
2.676590067
0.124145927
0.325584436
1.010695251
4.818965564
15.16767509
3.947898682
0.343029958
9.288032927
2.006134771
1.97472494
5.438303187
7.709496697
0.697122372
5.873608687
4.530230563
1.279952993
3.338995097
0.996391857
2.554609927
0.44571463
0.167529672
4.731698484
5.090648427
1.328919632
6.044909111
2.706196101
1.089892193
1.081280046
15.69745681
0.08405796
7.008862181
2.815636171
3.356862671
10.52118044
1.666310231
1.111238555
4.154708213
2.191806732
0.285488027
1.688618258
9.248061902
7.498890808
4.325077576
0.699027946
0.605550015
3.74425688
8.892503159
0.144987994
0.745300544
1.016522503
10.97536896
2.219951821
4.75233177
4.854762925
0.520581328
1.779068177
6.716518864
9.403365589
0.007375495
7.840685883
6.511732125
5.510908867
0.251846837
0.592200895
11.10585711
3.523680465
1.112802681
4.234188504
0.27352953
4.291286064
4.692660505
7.305714386
3.770709012
1.318584699
1.143318953
0.668099838
0.18200604
2.152127295
2.277722305
4.487001843
0.152527039
5.109651445
1.162068079
1.433836667
0.772232831
2.331071093
2.644239738
0.644667586
6.036083399
3.981400088
4.080446448
2.513349186
8.874466468
11.05286569
0.563959475
1.075796966
4.105679261
5.90913184
10.13408893
0.206818167
1.423555259
7.667306216
1.2658127
1.904521061
3.967964916
0.024150932
3.727929734
6.256515912
2.792237356
0.316947863
1.541229151
0.162103608
5.640216182
4.09117431
1.285660233
0.38161173
5.1075826
0.517432307
0.140663528
3.770077756
0.144126809
16.61306125
3.61996549
0.374711473
1.659815811
1.370848228
0.923545824
1.888271814
0.213519712
0.111652407
2.725126751
2.749268132
5.031257356
7.058298428
4.113293172
17.24937
5.823903038
0.563188716
3.396985561
1.337412527
0.190895245
1.151750383
8.610738369
2.028418622
1.737768589
4.389972964
7.286288735
0.879903809
7.011239288
16.9367156
1.837280106
9.66258514
1.09492019
7.154556833
1.580168267
4.392967438
1.413946607
0.539005978
3.667879023
8.56773256
0.341395124
2.039731755
1.401831555
3.154458466
5.36000295
0.021880775
0.167037721
6.808686722
14.27956794
1.686594899
0.247638559
5.240400355
1.928333108
1.961320882
3.050760798
3.306230876
0.631458118
1.48534511
2.818008891
3.109871684
0.112713612
6.690474549
12.3136216
5.545109037
3.79548862
4.314186389
3.562382621
6.641671355
1.116964497
7.168977836
3.189425808
5.841003526
5.787629957
4.541683851
1.680776173
0.57931934
2.32173553
0.279403677
2.79066086
16.35128305
0.782232029
0.891437007
0.329019364
4.471884559
7.656265411
3.62861417
1.237501173
1.193870438
3.313935167
7.303535131
1.166848178
2.885086783
15.11969491
3.329689783
1.281714477
7.942984602
0.221999846
7.79581726
2.591315713
0.536472287
1.518577602
2.632305303
2.723683586
5.025831228
0.861934501
9.541189568
1.083315362
1.989412903
3.960257829
2.688816609
1.417175374
2.393718619
0.61425447
6.878555143
1.277017061
0.652477993
0.937117852
9.748067268
3.378865919
5.813794665
10.17649989
1.781537664
1.641844587
0.051053219
9.032202927
0.22445162
16.10173341
0.904771279
0.569442273
0.740043638
4.831854164
5.65152513
7.464864979
5.119090297
0.29056258
3.875933069
4.020608875
3.157434956
0.841837287
0.758020118
2.856614536
3.514712796
16.47907489
0.35701187
3.534961966
1.018753325
6.080589456
1.482660788
0.008391763
2.786027214
4.153422716
1.312135921
2.679308796
5.13459968
1.085771226
2.632291261
0.699134203
6.93144952
3.893185202
0.915807889
5.904591527
4.85609331
0.383062251
0.314546526
6.591518921
13.75856664
1.81994815
3.682029833
4.319043991
0.643304922
0.076247845
4.403021152
0.955763936
1.816027038
1.573541884
1.004018319
10.7964343
15.9176167
0.013301243
0.366446334
0.934104587
2.754572477
0.726422151
2.843265206
8.934780472
0.547586343
0.395753758
2.189969029
5.485811412
2.939060773
1.319017234
16.53149526
3.941248237
4.871895463
3.794012063
0.675636515
1.609051861
1.379497474
0.803459893
5.788968648
2.658743441
0.287261854
8.670149566
0.799964086
9.712454262
5.538823407
3.539897636
4.56172792
3.560637486
9.76561919
2.326864162
12.41453358
1.803344697
4.065191731
8.054216174
3.053390705
11.96221881
3.271865655
4.322257989
9.536678869
2.347020124
0.230525582
4.797446374
1.895023645
2.566486603
3.205669751
11.10960589
2.830886036
5.897091664
0.945582427
0.044746315
21.13519231
3.468502429
8.508022433
0.549233331
6.632308288
1.591541103
7.52124633
2.912178657
3.699618694
1.991851787
1.555331394
2.560904662
5.960573418
11.14401706
5.758969628
1.472879703
1.476814209
4.861284224
0.024640471
1.999521178
11.26989611
1.193449706
0.740664857
0.712101111
0.462347714
0.171358526
7.926841714
3.977989908
3.209928257
1.912129541
11.67101185
7.514578551
0.573302864
7.292365404
3.358387109
5.270475996
5.109530724
2.224113753
20.59555056
7.213247114
3.390580074
0.531349338
6.19748979
2.16041345
8.091305663
1.732090477
3.385135823
1.658298209
4.720691793
4.201250998
3.884939889
2.270355436
1.721970214
4.9712789
6.628939988
1.103906448
2.525594727
0.560885551
7.773469418
6.72111174
0.120393186
1.762472369
7.680883484
1.446377428
3.231456833
6.852099452
1.412514103
0.471198397
3.111405184
0.136871662
7.058168391
5.446294231
0.440768378
2.577650097
1.225475516
2.151593515
1.651656666
7.740455776
0.610760323
1.819455549
0.859834878
1.489008897
0.544281025
13.97010061
4.386450293
6.824874182
0.735544857
8.919442289
3.556685494
4.029767511
3.855267236
1.851916097
6.164943753
3.874938921
4.352970671
0.652907848
0.197751749
0.131016301
3.837463115
1.758325174
0.422977465
3.021624143
2.044151473
3.647783148
3.251270692
12.34466705
3.697707544
1.576070768
6.941448828
1.203740531
1.620206615
3.505560323
0.211976192
6.243773751
0.236295227
0.239197956
1.6754839
0.082414492
4.8991228
10.04491156
0.441248794
12.35650891
5.649793618
2.671496797
15.35186026
3.408691924
0.199971493
4.609696106
6.061248682
7.319414669
0.721747123
13.099244
0.432940868
1.779711945
0.871196202
0.156081822
1.082822008
3.830060251
17.12986776
1.742420256
0.13631559
0.309166572
6.087374633
3.915750094
2.898114965
3.1982708
8.351390255
2.561256982
10.55887603
0.235881337
1.117696931
15.52028789
4.682641248
0.257864124
4.908685768
8.6870186
9.78380436
2.179662651
1.630074132
0.278444862
4.292084824
2.686798307
3.065594463
9.157265705
7.003302083
0.428274039
6.727149204
8.998761319
0.134921649
1.900440677
3.42064437
24.66789197
20.19741782
6.027796321
0.150922242
1.670334294
6.440094597
1.608001072
2.437794526
4.372409164
6.712242419
4.148145008
1.796117182
9.410564424
8.537700704
0.317055375
2.601790511
5.209136172
0.243849913
2.059264368
1.986029977
3.826153921
0.796376107
8.384518519
2.610182235
1.335567238
6.751135792
2.286218899
5.908658335
0.30433171
3.265727512
1.399192179
5.618881361
0.059173814
7.168156865
0.497869718
8.676272268
2.298687665
0.939561149
0.905018687
0.681970065
4.312454171
8.471770505
3.579358513
4.788491984
3.895104167
2.078691854
2.702604753
0.52791013
1.154432515
6.251542979
0.711849642
2.090526214
0.513345542
1.214149094
1.112212958
7.106441265
5.637993983
0.437946168
17.93453792
3.268271334
4.500064552
2.837462137
7.611909943
3.861744615
1.043440598
3.934258858
0.408663963
0.274783601
1.382948829
4.567576292
4.674644824
0.988777426
15.44009797
6.028348606
0.257328376
6.298461393
3.2305675
0.964612335
10.37728172
3.011644499
4.322827443
0.040463611
1.905046604
0.073786124
6.040971065
0.043456513
2.699020012
1.205135607
6.057174586
1.02268524
4.574779563
6.886277024
5.237170856
1.049374631
3.621779704
9.61045287
0.671482723
2.042365585
1.677814786
0.627918434
3.010238323
3.138648824
0.314119589
1.464439106
1.749999834
1.875907052
0.281681319
0.897821482
2.241662449
5.405371908
0.668643447
0.234562526
0.258904447
4.658032951
3.711099019
3.327132955
0.037580323
2.681619506
3.812679164
0.564929417
0.306724859
4.872139964
4.37795229
19.72146422
5.852948891
4.544381947
0.964187957
2.274193737
2.237074812
2.696406057
0.878344408
13.3969432
0.20777058
0.38031823
6.309581609
4.850424633
3.285009116
4.511805534
12.9052274
2.369426745
1.313699369
3.293605489
3.810440843
0.962454897
10.0397901
8.425576768
9.577316593
2.063963834
0.010896491
7.559132484
0.316834528
16.52595908
7.08308864
13.2071548
2.377191202
9.622743575
0.666750363
0.129928597
1.030946758
4.416031483
4.607969333
2.013993347
7.213224893
1.25617105
1.043891255
8.930463815
5.671821416
0.241132472
0.275841529
1.133167714
7.375474599
2.085473399
8.612138465
1.74229108
0.631569094
6.305764211
0.242062156
1.262537432
2.823397408
5.339051624
2.330501038
9.501448902
1.680510907
2.351879839
1.164026493
0.084503368
1.092137149
8.620600448
6.896610097
1.59979257
18.53479826
0.900838219
0.899189254
1.136779634
5.408049428
5.727254315
4.138965599
10.8078228
15.04295563
1.695530961
4.48468298
1.273424864
4.42473505
3.587159977
0.443241937
7.629598273
6.552639034
3.110137674
8.805775495
2.97161508
7.435786859
0.550392298
3.70124281
7.937211545
0.498288469
0.429086665
6.929956081
1.625623941
0.963325487
2.795629235
11.22040936
1.923836856
2.943744456
1.93237604
8.230435126
0.123983197
9.430195093
3.126939717
2.608716387
5.060589454
3.772719684
0.690589248
1.453679972
1.245761262
1.064232268
4.102756036
3.539831227
15.70514637
3.635604256
12.53627386
0.537404445
4.017387078
2.838900573
7.832291615
5.644545536
0.738621333
0.459889856
6.033859184
2.814220084
0.916356827
2.454454656
4.91183351
2.904759345
3.083502288
5.865096263
1.002785151
9.676557304
0.86663238
12.41571335
7.62685726
3.786417949
12.98186455
2.517054648
2.226663889
0.583067675
8.146290121
1.079736599
0.218679651
1.429552017
4.825096308
3.968825182
2.499008253
7.705599241
2.589844324
1.663462964
5.564215767
2.583325258
2.762577082
1.387152601
2.380476536
0.624083356
10.65763314
7.815204833
3.555102188
1.307749268
2.073574378
11.05419859
2.633990991
0.125290186
1.420165393
2.891625293
8.0485594
2.96255867
10.85654355
2.667407897
12.26827684
5.314907731
8.314331962
0.462056317
2.059323506
3.944347533
11.07458074
16.33099022
3.571585741
0.276371701
0.44172537
2.979547303
0.895986035
6.241005449
1.99894098
5.091727063
7.65517059
2.774035708
0.319599551
4.406195181
0.676653566
4.218352092
1.471029598
3.663780397
5.886297184
6.981053112
5.19088033
0.917635279
0.519744809
4.140240039
4.671224191
2.303987738
7.596055169
18.09946997
5.793346082
22.56402318
3.986274362
4.879195249
3.303768986
1.194572692
10.27127309
1.829629386
4.945563207
0.593661848
4.48541048
1.472047892
2.422534262
10.22794774
2.534915055
3.495414087
1.702890074
11.34260087
4.553066801
0.865644497
2.124505542
0.673435147
5.059059808
1.569808184
1.10988971
5.773076577
2.926447054
3.5076004
4.024181268
1.397117768
3.069878836
0.748358978
4.121552835
1.619444795
1.518200723
0.734566105
2.920642498
16.22244489
8.422164209
5.876378106
8.616012612
1.044624325
0.178778955
4.046106945
1.269220193
7.645559334
0.631749818
0.005825605
0.360754975
3.145808994
7.220770701
4.971362349
5.24708386
0.37160693
0.686657938
0.313795666
4.475954621
7.998293261
4.699972505
0.038760093
0.058203371
0.13068581
4.117450306
3.474072177
0.747687591
10.25633464
6.475549311
1.00526299
4.622638354
6.475660706
1.097713294
10.79141954
0.864654585
0.255294587
6.429586888
0.38011602
2.006449798
5.410406349
2.109410393
0.556576616
0.26372893
0.013897269
2.431405121
6.108849997
18.55762015
4.905538294
0.300879929
3.962130183
1.169502208
1.36906472
1.946055427
8.589863702
0.48329412
0.202773128
2.024434969
7.520576938
1.036331007
8.059797925
2.075430806
0.859579284
3.978642962
3.644398659
2.378475393
0.605404348
1.574638814
4.269244563
0.882151788
2.169555474
0.276181757
1.902137461
4.639417637
4.667846108
3.40201699
16.77755647
6.532400473
1.481283052
2.926996671
0.381188966
0.71834356
4.138676269
0.357306611
0.778793813
0.14771303
3.84831405
12.91660835
0.912699319
1.955620775
1.849424303
4.259992744
9.250774857
0.063555641
6.145944917
0.349964141
5.579233711
5.66615421
1.535882184
2.518643653
8.406549787
2.108740571
2.82703619
0.325117101
6.045663932
2.258554437
4.803580661
2.685587078
6.765213356
7.74654419
0.374698046
2.269387302
1.56110193
0.377403521
0.346036083
7.73502811
3.520734902
5.600529819
1.880834113
6.134894002
3.059380233
0.346964025
8.305001339
2.312998455
12.00509017
2.013821001
10.96104392
0.129228169
4.465238094
1.540052285
2.526530751
3.331012159
0.872122104
1.135423383
5.098384041
11.55855366
1.154147076
4.089558902
12.98878444
2.677550469
0.538438311
0.364905124
1.840404977
6.092000763
2.816684043
0.036362432
4.084839413
1.994327235
1.104180652
1.300492422
5.774555224
7.845071472
0.381579008
1.795782628
4.650058377
11.57520944
0.142130778
3.203642231
13.52579544
0.267681771
0.289735147
4.042844465
2.880410491
0.049315705
0.817763666
6.659453433
4.602719156
0.119885015
1.866222422
10.25423395
3.204427533
0.807006193
1.079033135
4.528702663
0.741967294
1.801536379
1.362226134
2.931990967
7.436675506
8.9605976
0.235460466
1.114648861
1.426665451
4.084949008
2.314892478
1.027679456
0.572532292
0.248269032
4.27337545
0.163144961
2.885987037
6.952417851
1.176949812
0.477035861
0.223733725
1.498696524
2.89636594
3.436460516
1.006094928
0.158685227
3.69851923
7.314758478
2.898010573
0.517183588
4.225761242
4.616544677
7.377638341
5.475155444
1.750826161
2.468355978
6.160931716
1.784320325
1.382726311
5.149688359
1.329670093
11.85487051
5.938633404
0.031081282
2.085268833
0.543619053
3.125832149
14.03178983
10.95615082
2.192123691
6.661729481
3.495744978
0.634333693
0.225376566
7.889670004
0.792868792
1.029842515
0.213154266
13.72282664
9.968847147
12.29783794
7.575906215
1.70094464
0.304638099
4.370184713
2.154753582
6.066656925
7.218491524
1.469790517
3.679272532
17.45366766
4.46761809
0.232470512
1.53858005
9.090897279
5.9908394
1.773551048
7.091843703
2.413892723
3.845532195
1.732783533
4.488686198
6.189761237
2.910758403
3.953626411
1.9019164
18.61631401
0.833990097
1.834659894
1.248803215
0.938054674
0.781970183
8.233647008
5.013993622
22.72466233
20.74785535
1.523641554
2.302555553
5.039497952
0.965278067
10.01011622
12.7105441
9.934456081
3.521255737
3.190874453
3.869597209
2.711912858
5.526043699
2.919082116
25.28640717
0.883104722
1.848985109
4.923160074
9.210427973
18.99647058
5.205818103
3.829348507
2.033763355
0.276962961
3.532638809
0.982143726
5.334183978
12.68841317
0.344920622
0.406199173
1.105892821
0.245565341
1.288426864
0.257665274
4.896651333
3.793241468
6.021350071
11.00728042
5.388258447
2.043208364
2.014854756
4.772826319
1.3922976
5.424795205
2.265908328
2.783889834
1.876755191
5.473405618
1.330614605
5.391739109
1.034310348
6.482357266
2.789074533
3.545501057
0.491797842
6.599981645
5.004461101
0.854027822
1.997322489
0.839378663
6.279140616
0.037155618
0.818445819
3.907228533
2.010002057
0.318731514
7.123794875
0.043488358
14.90551059
3.928776707
2.092666808
1.865201244
3.204697868
10.2925477
6.275002607
2.834838909
4.345376849
3.558785608
24.51064363
1.727874062
2.547570823
0.438795875
6.291598398
5.662285902
0.400215395
3.630158633
0.976936369
5.847326973
1.521332562
1.023502383
4.01783286
3.40737563
14.70988591
15.74729956
2.584825322
0.152649977
4.111790899
2.90066207
14.34822165
0.625232426
0.386656891
1.667909716
2.344733794
6.79500805
2.310445249
0.104466005
6.285348375
6.48567489
0.652776534
4.984430749
3.581120487
0.392583119
2.31271308
0.606670257
5.052840269
0.359755166
2.507245994
2.01482594
0.920440419
0.840642355
1.792852699
5.684455464
2.748020827
6.346434716
2.601488194
0.240095953
3.74543361
5.043181755
6.453717393
0.86099358
3.456180754
2.725371418
3.194811475
2.396148537
9.772282403
0.548809721
9.168699717
0.648389466
15.31219687
6.860519373
0.909410795
9.547317816
0.400137499
1.01018728
0.230660171
5.415759692
6.452229352
2.65872036
3.951671067
5.403585091
0.510962882
4.001546815
4.335582812
0.751440277
1.448135178
3.127258126
2.28456516
2.664228504
3.051863799
4.024307516
1.372539722
1.246029927
2.090727099
3.866983293
0.240167243
6.838118653
5.308398846
6.799331567
6.018804204
1.12065716
0.278294419
1.842378218
1.947861711
0.126247648
6.63544501
4.877452515
0.270845534
1.757244856
0.681249185
1.263270136
2.413489607
2.722344279
1.725513573
9.444063334
1.307654728
2.210843218
0.017864211
4.811042836
3.31687033
1.656202954
1.104380803
8.689152236
3.264718178
8.299119564
2.964590045
0.025878343
0.20885043
0.676282549
9.264946709
1.920435759
8.942606491
2.08861061
2.770364847
2.827844513
4.368626404
1.106684546
0.195260764
1.216548499
5.513967115
1.354667953
0.601485427
4.525929845
9.703653643
0.800314999
1.915612006
0.306053235
1.713729227
1.840119749
5.701358962
2.534004362
1.659815294
1.543254504
6.680256135
2.661430814
9.023103725
1.008825912
0.086082992
3.97402694
7.792824438
1.677954866
1.638866388
7.09710319
8.464775491
3.437614295
2.528587469
5.546485717
0.455455109
3.653537398
1.621724942
12.12404582
0.999464426
13.80115127
1.554066408
9.690025858
2.54962217
9.20776785
0.444111474
6.463684847
8.599075627
18.46066446
5.319023
7.876113118
0.448209291
1.174008889
4.628195215
8.809911045
2.620168163
9.431465814
3.027860213
2.827556413
2.926681895
4.312585345
0.510260017
0.744609696
0.62393036
5.189871063
1.939118719
11.39679886
2.945330995
0.633089345
1.346521094
7.849217031
0.107348126
2.665466376
1.641874706
3.058751773
18.77749536
0.855586845
7.136370636
3.285535233
3.116547885
0.959181092
2.935836026
0.962701489
6.101696081
0.024008995
2.276787952
2.965571689
3.010755063
1.094877166
8.230258072
1.270662798
4.986619637
0.147600066
0.391043108
8.093018239
3.524477819
2.707410794
5.795657854
1.26749944
0.228252147
18.13755704
5.17576787
7.499385471
4.552948803
4.854413086
2.318746209
1.301389719
2.603379639
0.907303542
0.533816028
3.757725066
23.12441578
2.710628983
4.292104265
7.999225869
9.150517617
9.176211529
0.795000724
0.04306629
0.870524606
5.928814382
1.030063815
0.329309403
4.561926998
1.83012953
2.25110826
3.047558168
4.11247878
2.33696206
2.20656333
0.507696958
7.67267549
0.006033481
5.20243218
3.422918139
3.020569489
1.812573371
0.218733371
0.104138435
9.053547946
10.82904035
0.629787134
4.130428184
3.482619852
4.43449234
5.098374796
12.1875063
1.211906135
13.08576621
3.24446553
5.292351111
0.326449914
0.717426084
0.704431821
1.418092532
2.071922959
1.444900447
0.753230659
2.772708791
4.647296924
7.973380871
0.787917535
1.114405534
0.680465849
2.927642911
5.042302589
0.15009453
4.201295107
0.922059112
5.182481428
4.433295404
5.541039078
6.112922018
0.079294974
6.889542449
7.797113068
1.642418661
4.568030613
2.95863829
4.827258243
1.010708811
0.151539087
1.55858194
1.000830166
4.963644725
0.540446633
0.323596668
1.988271526
6.312539249
3.967839969
13.79183511
11.782391
5.474722788
7.565587067
3.437409859
2.330401082
1.559803988
1.021040327
2.282385866
4.1060851
4.329138865
3.079343946
10.06365657
5.479241961
0.598484366
3.282998794
4.964963798
2.298971298
0.586618602
3.027813366
0.63285229
4.348071617
9.6726394
7.217637959
5.130982321
5.902560728
4.085646579
12.71794011
2.035273828
3.096022378
6.443502292
9.538113135
1.573126523
1.902420307
3.120234524
2.005734291
1.644425987
2.195070954
1.122949027
2.150292895
4.164066105
2.362601423
4.578370311
3.351866952
0.050088679
3.263619958
1.056661743
1.156474406
0.868265658
0.157764129
2.650140091
1.257377558
3.018715443
5.507399478
3.796748455
1.183415731
2.260744319
4.325689497
0.962541266
3.148051676
7.602452046
2.481796696
1.944017241
13.53578358
6.042543295
5.594145907
3.270700856
6.756895935
9.476560621
1.558419291
2.189193983
1.085854742
7.903232163
4.67259593
8.545478254
7.186880319
4.455705553
8.529884897
7.563037339
9.162696743
3.381623578
23.00529876
10.84194613
2.743973255
0.286270431
2.142612868
10.84134869
3.940510534
4.044938513
4.778423175
2.745668787
7.309501178
1.542372839
2.69537253
4.242081355
0.393006125
3.262117598
8.893650808
5.882429544
10.8591969
8.255922311
11.37433135
4.478869448
0.373792371
7.158264764
1.139704391
0.342522036
4.884732335
4.085666864
5.361943223
2.729971927
1.288462663
0.8788409
0.421584024
5.063632159
12.17233796
0.690523932
1.739202307
0.464753896
2.046134362
1.866529613
0.252509589
1.355882282
0.160992421
2.469420017
0.580299263
15.11317981
4.418988354
4.765380806
2.15453964
2.846347799
3.72957929
8.781191416
1.044433052
4.472604139
2.784844637
3.590696815
7.87968594
6.039799136
3.565142922
0.587726165
13.67041194
4.069023978
2.026747612
0.473234936
9.604123913
1.213226653
2.228429834
6.827916815
8.883206562
6.230264749
11.50857559
0.121926828
7.018133123
0.686923113
1.187776206
2.005330122
0.730323695
1.113607958
4.847303727
10.0598896
3.658519108
0.928891277
1.62412594
4.337363843
1.530029124
1.498030292
5.446235105
0.528048376
1.021329887
3.404371786
2.267056552
0.420627523
0.367017291
1.022529761
2.247351994
4.199476334
2.373345416
11.70658395
2.216174906
1.452752638
0.300057367
0.864253712
0.594331194
1.81751588
6.631504918
6.045421202
1.006708851
6.015362501
0.598191026
4.306211989
3.60788402
2.094994041
6.703529831
13.86566522
1.788192672
10.55723228
2.410714383
1.665193413
4.070947607
3.966676116
0.185472948
0.303080563
1.655798902
8.075945915
3.616117361
3.067963416
20.53942722
4.525120223
3.352477447
7.190914837
1.018635251
1.765231368
3.813829909
3.229680445
2.426664939
10.93303628
21.86346005
4.24724076
8.562184232
0.632362669
4.22709155
6.258032217
2.3240755
2.536980367
2.346157583
1.065522911
6.106078303
5.039997127
9.424887347
0.486041031
12.46241888
6.557244661
0.961456632
1.138614143
7.485976538
14.7527686
3.649451798
3.053901452
7.754264067
1.739990926
2.377396227
0.433465515
5.002819301
9.888758144
16.56522664
4.081367842
0.387707763
5.680330714
0.260940434
5.048470699
1.554786928
4.041441419
1.567143079
0.723718796
2.642403914
1.709633196
1.311253675
0.114330218
21.30664512
2.994635938
0.684337053
0.045690629
1.092329881
7.500613606
0.466354809
25.07790156
2.6798593
5.645204438
2.164592926
1.751845434
1.322424676
0.254520537
8.691845425
1.163641866
0.576277666
4.90559197
2.071252099
4.984020268
15.29215059
5.077240367
5.790782985
16.15636793
1.822913257
3.010566672
1.101324819
2.171788194
9.642297711
3.240717027
4.035263521
1.311727964
4.169071274
1.862090081
5.352687133
16.57447229
1.740451741
0.12580303
7.242383772
2.020727773
2.099905517
2.253398122
10.80754903
7.630800836
2.862759753
4.007189099
0.226966727
0.345974197
13.48872573
13.93599298
4.084223674
0.766622809
12.37448356
1.522444576
0.480642694
3.642282632
20.52008331
4.414925381
3.446158209
3.296858073
3.510440857
9.453989613
3.310937404
7.808271382
8.967001963
11.02221845
0.070918633
1.71200399
1.177572392
0.989472205
8.345554551
0.933234601
1.324573558
7.486387037
1.934643368
4.687491753
8.159227976
0.47940988
4.51068977
2.885126983
1.60465159
0.470086782
9.931109325
2.473400262
20.9814588
0.472811325
11.38145792
1.706690868
1.318090051
1.767782997
5.592743699
10.33005444
4.951201354
2.724960386
13.54187566
0.74725199
9.796076727
1.645852068
2.015732363
1.170927489
3.115205585
0.795180178
8.906817449
3.050893629
1.055091088
5.542927448
0.818843608
2.966602292
2.211048177
3.012245959
9.236906679
2.270850111
0.908388936
1.002822533
7.134860867
0.066438185
2.862525152
3.169583549
7.407371684
6.379432917
2.198977114
3.369374098
0.260809585
0.894281184
1.991955709
0.069958811
2.086295884
1.782270861
0.176300172
3.767271415
1.656903143
6.174557119
5.932000245
9.115584347
0.425991675
5.949438515
1.736795736
7.935729233
2.271550544
0.588700959
3.287056222
9.516922992
1.36247553
3.328070216
10.56761336
1.091521561
1.672669126
1.531040468
5.047654264
1.530324136
1.912404873
1.019236281
13.70246666
1.804791621
2.541114589
2.883255147
0.595508793
0.592665998
2.005271608
6.881885692
2.704602053
12.99421244
0.761105404
0.491505755
2.206930025
2.687294525
6.566747805
2.371232687
2.984564196
6.8267261
8.083489458
6.599222032
7.479174148
0.49744193
1.572048891
4.273533325
3.250968908
1.91799563
0.240102666
5.070816804
8.289262531
4.898716075
3.931374659
2.468703144
0.989427786
2.055471549
3.968218411
3.954528065
8.198297869
2.446597248
6.331117228
2.05732267
0.685690616
6.114717122
3.045764242
2.076032027
2.494567931
0.568335782
0.584788148
6.815293645
4.189037467
6.73969932
0.48711623
12.50538638
0.102259462
6.35142721
2.893867067
4.246625395
2.081420707
1.877774016
5.496643844
7.318846944
0.453997177
0.54137639
5.515250329
0.10906329
2.887654156
8.29073816
2.909146282
4.443028625
0.722833413
0.408000145
3.529032528
2.619158042
4.452699429
5.761925966
9.817157011
1.570698939
3.053326741
5.482627392
2.949383256
9.627085631
1.528151682
1.447464655
1.361761777
0.542953567
4.002463097
0.613080034
2.588900716
2.13574539
3.957124714
0.288955743
5.36209882
2.819977033
8.563472422
3.210863342
9.936168156
3.283435515
1.489709119
1.803375179
0.89316104
3.171717649
20.55409043
8.557130545
5.98074756
0.552400727
0.783698549
2.681328862
0.433494484
6.279850498
0.651610308
2.25593357
5.209157944
4.050819746
9.045079222
1.713300568
1.632381142
2.040130727
1.645897895
1.587394721
6.307756153
8.029508492
5.338198681
4.027354706
10.27260281
4.74291934
3.365690817
2.712122436
0.661427792
0.484409878
4.90217833
8.828311743
0.694007613
5.22025997
4.672811826
11.96499155
3.733467551
5.469565505
3.431851182
4.70160879
2.664812095
2.836610292
6.98112211
1.857371038
4.93092024
1.944411274
3.569359067
2.606634964
4.517848494
6.027799533
0.51886054
0.299072453
0.225464329
3.181343501
7.015342294
2.21810864
1.577883973
2.343394163
2.51449457
0.866546812
8.725651678
0.822535251
5.152236321
3.344203854
1.35367476
1.066892749
1.375136306
8.048563434
0.671349352
1.181267497
1.217616536
2.695375891
0.711459641
0.088333329
2.186599056
6.663042302
3.857183778
4.798278889
1.930613582
6.115731205
1.385302508
2.998525429
1.031563819
3.581749449
2.049117136
0.13325307
0.044098469
1.977530635
0.092795547
0.145142532
0.30377073
1.921257705
3.124834853
1.724606599
5.781217381
1.041699024
2.272595696
6.687699688
2.911770372
1.457140593
8.360088121
0.46820034
5.680403587
7.275825221
1.632437282
0.42700742
6.062021049
0.004557652
11.21901147
3.802920588
7.734147448
0.928626935
1.693776208
17.02639391
6.518648247
2.539078974
1.641807414
4.173802823
4.528010566
6.908035911
0.438613048
4.427527075
3.493773896
9.298880239
3.878200843
13.63793726
3.315273625
5.847091887
5.8391703
1.726073234
5.74122479
2.741851883
4.001257912
6.0885843
6.055646195
1.493901696
0.009360222
11.3290187
3.189909576
8.596531924
6.889925807
2.162090839
2.305653943
4.369649073
3.975129549
1.846173789
4.248883038
4.648331077
0.884629675
6.147049401
6.400592151
5.830574438
0.545349844
6.549542989
9.928724987
2.242939259
1.91186598
3.214465905
0.548706084
6.628427036
4.991788461
0.698276777
0.548730412
13.02529732
4.380581013
1.777493327
1.617209396
0.935650559
0.282170412
2.192828593
0.350836467
3.032805452
3.294483999
0.470153711
7.401506206
5.375616047
1.63720123
4.168882434
3.533428672
5.078550501
13.81596963
2.110861599
18.76520054
0.947937215
1.975709125
0.510144511
2.684769265
0.905852622
12.90085174
5.748630391
4.520679298
1.622269846
2.445159241
13.53723617
0.686347547
3.79808425
1.02109269
7.387020929
3.136011406
13.5664321
3.604193356
11.54344208
1.507219032
4.291138365
5.222155672
0.330167706
9.645188746
2.3039295
0.810646636
0.191124497
12.22262304
0.875298108
8.258432842
0.588008413
0.247213091
1.565934353
1.777524803
0.831590028
2.283380169
7.597620813
2.690329886
3.587056632
8.665439508
3.599071206
0.484009055
2.823875863
6.760569956
4.601906017
9.857811835
6.189950608
4.526302145
1.25232942
1.785961578
2.635186957
5.163764087
3.685630705
3.171502149
1.851012392
2.895320804
1.499469735
0.608109035
0.888836593
3.866064684
0.388964076
3.290259974
13.66962165
9.557437768
1.606960206
8.069993379
5.648173753
0.792277119
5.975255678
1.962349342
8.274241495
0.475125999
0.016871298
1.655826113
2.400129408
3.626102629
9.745840081
0.915786815
4.048966727
2.839566849
0.245871065
7.252864068
17.38494971
10.73125046
2.335536796
3.184546861
0.015750497
2.176366107
2.418087412
2.235737835
4.662828305
2.780335989
0.257077718
0.065789143
0.451959845
0.776414974
0.049152093
7.900103812
7.003443644
0.630519516
6.554517614
8.425147511
17.29141112
9.276253666
0.610960949
4.931724223
4.245743592
0.946253069
4.064911229
1.104670723
10.29927962
2.361939844
3.332857187
3.197349807
4.273478281
8.047618186
0.288731488
1.862406777
4.388154413
0.686503622
14.40471541
1.955222185
3.991136882
0.445514418
0.097660985
4.757481175
11.96424731
4.065381338
5.329742171
6.55220315
3.028807395
4.678754514
4.030898068
1.439136918
1.797497607
0.543518179
4.384751387
7.423965476
8.432845702
0.5108383
5.466326284
14.18721423
5.591509377
1.78789346
1.988108098
6.3493815
0.806760445
2.057210646
0.620246025
1.111622945
8.015824236
5.834184284
0.792520911
2.607437561
14.61768031
20.06327843
14.55856584
2.307029442
4.949128144
2.201888875
1.097326602
6.388860269
3.937363076
1.10745805
0.19012387
4.882158143
0.461330317
0.697363237
1.708438542
2.294320827
3.01539266
3.091587667
8.375799019
5.893573963
1.497350383
2.014597289
1.144845672
1.438683082
1.843695894
0.085613157
2.664488924
4.224059647
5.761715281
1.172715913
3.278722879
15.45166474
1.55412688
0.121200376
0.256976813
5.157208815
1.460284087
0.697994395
1.531774199
2.251767722
10.31830916
1.388438299
1.4251879